2113665
270549120
34630287360
4432676782080
4227330
541098240
69260574720
8865353564160
8454660
1082196480
138521149440
17730707128320
16909320
2164392960
277042298880
35461414256640
33818640
4328785920
554084597760
70922828513280
67637280
8657571840
1108169195520
141845657026560
15
30
60
1920
3840
7680
245760
491520
983040
31457280
62914560
125829120
4026531840
8053063680
16106127360
515396075520
1030792151040
2061584302080
65970697666560
131941395333120
263882790666240
2130440
4260880
272696320
8521760
545392640
34905128960
1090785280
69810257920
4467856506880
139620515840
8935713013760
17871426027520
35322350010368
70644700020736
275955859456
141289400041472
551911718912
2155905152
1103823437824
4311810304
16843009
8623620608
33686018
67372036
